14383
4397
11714
7000
7204
4215
7302
6247
6163
3490
6059
10482
13199
14656
7394
6246
5972
4620
3224
8102
2812
14480
11953
11317
11199
11412
14523
1224
11087
10489
13083
2143
10028
14137
4304
7858
11596
11226
6330
9299
2418
6234
10314
14202
14223
9354
3046
10565
11045
8522
11491
271
12587
9043
8243
11679
1775
10536
6357
14396
6994
13483
11271
3303
8382
14018
3670
6018
12635
605
9874
14655
12063
12855
14705
3134
10109
8240
8837
1280
92
11546
12642
3832
14059
11336
1992
13545
6556
11135
7133
11215
4043
5293
14660
12684
3311
1047
4250
13646
6700
1338
7074
6739
1205
11002
8007
8434
12681
14521
8310
569
11639
13912
10370
1350
8894
13762
11194
7601
12115
11569
3147
3368
9104
11833
11986
10963
10681
8979
7529
12698
2741
7682
12400
571
12014
12253
11787
4274
6442
11798
14464
9966
1619
3918
1865
13300
14434
11868
14686
7095
13219
3431
12785
11049
12940
10568
11609
9119
4754
8671
8226
525
8187
4382
12588
10286
7172
702
11574
13941
12152
3540
3380
11330
3482
13142
5579
6874
1902
11205
587
12485
9669
11132
12268
5677
13839
4008
5287
9210
14548
3679
4867
13584
5573
6872
5338
7656
1959
186
5868
1210
5896
8466
7028
3440
4331
6998
2874
9503
14028
8167
5657
12601
11671
12032
7716
10358
2322
12221
5613
4681
13358
838
14131
11912
7055
2434
12898
854
13200
10319
6374
1445
5122
9575
7004
673
9569
7013
14099
3049
6319
12992
12894
8635
5311
4504
823
13510
2060
12662
14364
7710
6989
7895
4975
13857
4409
10615
3246
10363
1167
4379
4179
2984
2618
9088
5161
1062
8118
6035
5249
9948
7762
14319
9339
12277
10918
335
12718
2424
8877
3649
10665
12975
10664
11320
230
9506
13372
6472
1429
14242
2577
4993
1734
6825
2630
545
7771
13473
13717
7229
310
9225
9485
10075
7297
14234
6358
4122
9529
2204
13238
1615
14631
14305
4168
11655
6957
5772
9655
14020
14388
7083
12780
4380
2221
10442
7647
3230
13664
5160
967
12027
10950
2658
1344
3242
2363
3659
10591
7366
13491
8519
9782
1380
10899
14708
11829
12189
8725
3552
12110
6895
5988
884
13874
11114
5973
7775
7433
14350
14513
5768
12393
12939
12902
11424
9620
10827
2396
10964
14710
12195
772
5819
7864
7022
8218
7255
14410
12666
2970
9032
11517
3087
3107
7674
11720
9133
14301
14638
12678
6879
14544
5468
4777
10838
6122
484
12897
4415
11173
1403
10716
3103
5653
13658
863
8730
8693
2407
2800
233
1127
7939
9854
6832
9546
12271
8039
7031
693
10751
13682
1486
13897
11723
3051
9893
4114
936
10335
879
9002
378
8389
4248
1355
10764
8386
14728
1686
14318
12072
3880
197
9567
3396
13241
8284
13725
12989
328
12171
13049
4308
7109
7262
1971
11663
12262
5168
8805
2337
10980
13417
4677
14612
10632
14425
15
917
105
13130
7510
496
10593
9591
6188
6178
483
2343
12685
6759
4763
7615
4072
2825
13873
1428
6570
13551
7845
9037
13163
10956
7554
12500
8540
13367
8304
6210
14148
10186
14581
8640
11566
866
10093
11865
11830
11667
12762
13591
13729
7589
7577
13239
1672
8448
13313
661
12317
9198
11428
7216
8066
5953
9904
6094
12683
3828
7521
12047
5174
12381
5966
6116
14074
6028
2678
7946
14752
10930
12966
660
13719
14061
3326
394
11250
13902
8886
14563
12256
3972
6614
2639
6719
10903
13830
11107
11643
5722
13707
467
7389
14452
7107
13615
11562
12473
10481
2294
9226
644
5850
12196
12207
10884
13028
13814
3332
3564
11711
10554
12659
10720
7479
1453
7958
294
8151
4573
4049
9675
8537
13111
7911
10269
14677
9875
11968
10225
10855
13818
3481
13356
2815
4569
12506
2635
2080
8813
11799
12693
4170
855
5362
1698
1361
9589
9855
6444
9663
14755
198
10971
8646
8897
8869
14147
11289
1906
13030
7052
7079
13139
8708
12465
14084
6538
3352
9656
8555
7038
4187
4761
11881
11406
675
13170
3264
8065
2355
8654
4025
8301
11528
2432
10407
1174
3838
11525
2503
13987
3252
13980
10605
5281
12658
12970
11542
4319
2152
11089
10544
8239
12919
3731
4944
7984
3244
12211
3214
4497
13777
12390
1578
11533
6559
13640
12710
7328
12954
5379
13590
1540
6686
3080
6937
11904
3834
11440
381
289
5124
6062
10968
5097
13929
9464
13175
5965
12527
7650
6084
8299
8965
1114
13174
13737
11390
2272
8995
10868
10175
11820
3979
9731
10928
839
6704
13482
14646
9040
12179
2229
11378
13793
14629
6943
14167
12402
4968
10393
13295
13978
4683
7431
8455
7180
11506
9844
5255
535
12998
6042
12773
7376
12847
12435
1811
9615
14165
4897
6729
14181
10417
4715
12850
14050
9614
14039
3029
7776
9639
1092
2063
4735
14278
6738
3541
2186
13859
5663
10425
8613
3903
9476
13880
5806
696
5220
3058
9419
626
11763
8286
518
3932
11044
14680
2898
6435
13267
332
6861
8121
7036
6054
14458
2627
5529
7056
9257
1446
3437
9947
14090
13743
13968
6140
11259
13015
5455
5675
1482
1468
13783
11162
12806
14711
3764
7193
13742
7408
9460
7582
267
3011
2269
4767
5127
3056
1612
2905
13765
4755
8203
5146
5705
12530
11151
10000
8424
13312
11984
6464
12703
339
2205
9335
3930
4183
4285
10237
5057
11098
8914
7348
8677
14158
14086
11066
11178
747
4136
10278
12613
2611
9110
6853
3236
7205
3911
111
4391
7662
6190
638
1867
4266
14285
6634
9982
1531
2564
5143
1252
172
3722
7979
4768
6811
13375
9993
432
13800
1919
13037
7449
4351
12583
13656
3752
1697
10804
3492
4044
2372
12687
5621
12460
6033
12804
14737
1259
7361
12035
9377
10298
5571
13677
11480
6137
5458
788
13727
12006
11736
14640
13007
1573
8786
3113
3891
4830
636
11340
570
13831
2856
8436
9758
305
874
526
11759
3208
14571
5264
8798
2527
3464
3403
5313
2174
10386
14226
12927
14472
4527
1181
1828
7996
8096
9581
8799
6836
9792
9139
12637
12030
13791
10824
3432
13744
7564
8795
12365
12180
5738
4385
12944
14557
73
12948
14009
13686
7469
7802
10613
4037
3646
12994
4933
13651
2725
8862
6743
14587
6370
10266
3310
11597
7043
5899
4472
1912
4302
668
13009
6761
13911
12276
8045
6667
12333
13161
7936
802
4402
8800
12764
11753
13627
10667
11837
10045
6977
10087
6666
9200
2138
10239
3041
8202
12007
9401
5441
12607
6011
1001
1272
4807
9807
204
1745
389
13939
3811
5327
8388
1875
13690
11014
13131
8049
7839
12136
10150
8983
2915
13459
13619
12305
8683
4607
506
4978
3864
3849
14253
4725
11489
6770
13810
2114
2189
1199
12931
6306
9045
14632
12300
1764
8343
1872
10371
3154
3081
8376
7144
11328
10767
12088
9234
2027
5710
6123
9447
11931
14685
10211
9022
5676
2855
14572
10382
2505
897
10010
11920
10459
10090
1133
7954
5278
10019
743
5624
11886
4045
13151
5696
9790
10812
3282
6300
2672
1560
13261
13504
9804
13649
5833
7426
6647
3166
13254
5889
9544
10809
4034
818
4910
10147
7168
1927
5142
6747
11786
4901
11972
2845
13841
12303
6661
8132
9650
4713
13429
12737
6616
9428
2321
7309
12145
10800
5335
3808
2919
7661
13263
8509
13421
2590
10307
10696
9741
14070
14626
13023
12260
10246
6587
14481
14380
1505
9441
11834
8839
4481
13072
13631
5042
14170
14365
8486
12818
1292
7746
4023
10550
12484
2062
6454
8377
7774
7110
7948
2979
3062
4293
7290
12118
14160
9871
11155
11923
14738
6558
6048
10299
13415
6412
14747
13617
14390
9840
2711
4649
3032
5080
12536
6158
11529
10080
11670
11497
12609
251
13713
9202
11850
11712
7669
10952
5531
2395
6652
413
11905
3897
4028
13114
963
5490
669
9909
2069
5527
12420
5661
6411
4097
11203
430
14433
979
4284
9228
8606
5155
14299
8916
8232
14062
2304
6600
13866
2557
5673
2057
1699
9821
9288
9916
10653
11969
2693
2336
13465
5698
2996
1704
6341
503
10022
1120
5376
10581
2345
2245
5247
3755
12807
12810
12556
9261
4813
8468
14056
11157
7456
10197
6099
14341
1126
11112
3280
14504
13384
245
14583
4624
3116
2556
14272
9385
13813
12867
14357
8422
11915
10493
12565
9824
12116
1075
9963
9437
14225
13997
7116
12886
6147
9961
6061
10597
5158
6979
1144
10761
8535
13974
6132
13063
8756
5874
1109
891
8951
1583
7729
2149
6323
2603
7940
5956
11662
12140
12444
9449
13699
379
6425
5498
4662
7002
8364
1364
13309
13249
9188
12478
11695
9442
12982
3697
9661
8172
2399
374
10364
11130
7718
13125
1731
8600
9557
8737
8473
13564
7316
10611
7635
13252
9759
12442
13688
1521
1854
12019
12038
924
11950
11261
11050
11607
4568
13000
2155
13395
14437
4203
10752
7362
6627
1194
14053
4870
14068
10920
10076
2089
12426
3498
13041
10697
13363
5454
5240
2480
7419
12163
4549
4486
4022
11520
6693
8811
11004
12050
13246
8551
5642
9490
3631
215
10122
13008
12782
10528
13353
8491
2886
3774
13329
7806
3328
6792
7818
12342
6562
1878
6192
12840
43
10321
9301
12997
4218
9637
12129
3899
10524
1796
4658
13045
596
349
10938
1074
4557
6068
3732
10508
10053
832
9861
9048
11010
12832
12501
12495
2981
14194
7759
13689
5566
3590
3499
10329
7393
3865
3522
13399
6091
11405
2692
11536
7224
2810
819
1601
1359
13186
2252
13508
5950
14731
7732
7969
5356
3885
6106
12706
12575
8357
12374
10435
1711
4577
5904
2330
12991
14574
12122
11030
6001
4979
8143
2370
4444
940
12548
9300
13259
14124
691
12250
5793
299
12226
5119
11368
11078
13244
6890
2975
5497
13733
10088
13122
11595
9978
8770
10643
2942
3929
11291
1100
12241
9587
1999
4459
6762
4281
4427
12252
13416
4410
4000
10166
12895
8659
12066
13075
14340
491
13245
1659
7686
2681
213
2889
14414
14326
4603
5072
9791
12062
1274
4697
14575
8980
624
12438
397
13796
12228
13885
13604
9832
2792
12366
5326
12596
12533
11159
6896
2546
13848
4977
7356
2315
2861
8099
13522
13171
12119
2023
8891
805
12522
2217
11948
6305
2924
13033
1957
10025
14036
1805
13881
10940
12906
4055
11472
12960
2851
5623
6494
3221
5275
4186
2747
11309
3297
8604
14139
5699
3398
2348
6499
13339
12600
12935
11285
7933
4876
9166
5989
7571
10517
8258
13423
3354
10125
7539
6277
4637
6359
5765
12813
6058
10661
3044
2828
9175
14662
577
12577
5334
11053
1463
3621
5366
8775
3409
3281
8047
2798
9235
189
2328
12734
11068
3847
861
10579
9330
13703
8712
2727
5028
8547
3348
12829
375
13098
12557
14594
7455
12711
799
3520
836
2663
3333
8193
3138
10275
5388
12387
10431
10892
1614
5821
10573
12996
14072
4625
2799
4564
9107
425
9035
3089
9050
9160
4116
2367
13306
13153
14663
14088
13771
5050
11888
13521
4561
4235
10609
12932
4393
1834
14270
8682
7137
13279
3846
14429
10784
2980
7964
8425
7875
250
5905
11313
1787
11257
12934
12378
6138
11577
2914
6509
14054
3876
3959
1305
9439
11688
13944
12243
2022
7511
7390
3309
4156
3991
10504
7412
12594
13835
11293
10975
6847
14001
12322
6863
8836
6929
10291
4655
14227
8325
141
2930
1715
1048
7723
4142
10027
4007
1374
10198
2077
5556
7167
4026
13956
6731
12682
14693
13846
5440
3199
9838
4078
14169
8474
1860
3148
11840
2761
5095
7990
10206
903
950
7690
7787
13308
6813
12169
2361
12866
11779
7242
3883
4492
8236
14122
13761
11708
7078
3546
9928
12702
13601
7623
11641
8788
14395
13970
13513
13108
14126
286
2121
14497
14457
5492
7696
5523
14382
13961
4088
13119
14076
13728
2120
9333
10151
915
4942
8169
4387
4412
3404
13449
12186
7834
12373
10500
13840
6348
7691
4667
1058
9774
14371
3996
11913
8106
5926
3562
834
12999
5709
8543
2490
14590
7531
7871
8278
5437
6728
6917
1177
3645
6230
12756
14687
10191
10850
8706
9573
8246
7452
2369
5909
10684
14460
5081
2838
10900
1034
11388
11982
2359
348
2318
13326
6925
2497
6378
12346
4458
2765
14336
3608
11142
14101
1651
13870
11023
4198
5061
5855
3206
8871
8010
14289
4376
11286
12917
10636
13782
2071
2523
12046
12851
2350
11214
8763
13918
6381
9988
10123
9021
1302
1368
4208
6908
7206
5831
6242
13287
2035
13100
3153
8629
9163
10828
1398
14290
8704
13016
14316
8667
4320
7497
5140
9118
3505
4562
886
6793
4340
6164
3470
4149
14063
6165
1989
7788
11198
6963
1093
7944
1339
6757
10337
5970
4560
6297
7619
1418
9473
10883
4164
1055
6961
7867
1544
5927
12632
10057
13188
560
2127
2669
551
10727
11870
12717
8196
12619
4121
1718
9979
5962
5886
7240
13201
12397
13490
6609
5968
13390
14545
1270
4267
11810
2795
11238
14746
5813
10541
7706
6273
13350
13635
5612
8242
14178
433
1462
13154
12286
3268
13917
6935
7020
8998
2570
11999
9720
3374
6124
1924
2435
9850
8750
10060
12657
2387
1007
8354
2987
1491
2151
11237
736
2892
11644
5156
13338
578
11501
1296
1964
7542
5526
11473
3385
11382
4292
7050
7973
12558
6248
8124
13948
10367
8408
2225
12158
8107
9221
3269
10864
9983
11793
11954
10390
99
4574
4359
2817
1801
6291
12941
6022
14621
6893
13556
12092
13572
10054
158
2811
12254
4333
4216
12403
13781
6960
2873
11553
1341
10383
12933
12230
8694
9942
4090
1613
6598
10267
3082
2419
13347
1848
38
1966
459
14244
14288
10585
5862
14038
12716
5878
11659
12774
9534
3566
2486
6257
1952
4570
10737
7929
712
4451
13511
11698
3454
1815
11031
1504
3650
14734
810
5298
9337
6083
4892
9399
10130
6093
14035
9784
1438
14102
13001
12242
209
5199
11682
14558
10047
1900
7694
1880
5565
11877
12531
14041
6801
6777
5788
4031
1556
13257
6477
10987
8298
1169
3532
4238
5885
5384
9239
11344
13614
2701
4579
6088
11218
2872
8153
6507
687
12901
12236
12173
14519
2877
10560
14645
2314
12359
13638
12502
12293
9275
3677
1944
1154
10744
4363
9547
5074
1856
8305
4454
11794
9472
295
8103
4744
12414
4721
2100
12082
666
12963
13322
10029
11691
4711
3047
11394
5238
562
12848
10999
11570
14559
9872
2742
13704
9019
14495
12907
11592
13832
13580
4685
10401
4462
11488
4799
13391
11295
14589
1991
13212
8136
13207
13639
13172
1937
13774
3887
14161
3843
5795
14193
1700
14230
13648
1123
13772
7740
1311
13328
13409
6711
6229
10471
12191
6481
7533
4727
5544
9577
7664
11083
11202
3855
13351
4861
11116
11858
2954
729
5133
12489
4764
2622
2198
2178
7852
12929
9956
14605
539
14191
2608
13089
2443
3982
1552
12524
2176
9799
7131
5372
11849
1577
4550
3936
13426
908
9860
1212
11864
9059
3886
11718
6110
14347
9061
12042
4362
5006
7160
10576
8309
14110
7373
9709
4016
12229
2932
11060
13190
7420
2789
13024
7534
9126
10222
14145
2238
11952
5023
8206
5869
5309
735
14107
2200
8287
12167
10213
1365
11213
6350
695
4790
8853
10895
8895
11077
343
7398
14004
5222
2866
4833
7450
12755
14669
11522
14345
4419
3521
10652
9317
5670
1032
7350
162
13471
11057
12141
1056
8029
6363
10603
14720
1916
6584
3867
12285
6260
7505
8823
7517
10062
3500
12453
5444
4920
3792
6824
6765
8670
6006
1308
6187
5486
8328
12873
13530
6371
2466
6806
13679
9369
12265
3476
10287
12971
2125
4053
5024
9470
2270
10660
2033
153
12439
8020
2046
1385
11350
13333
13675
7695
13058
6475
14430
8739
8138
9764
12104
6867
6715
3234
6172
3451
7986
7781
5291
3474
1692
6489
1632
1266
8317
13767
13453
352
6200
5265
4147
1290
3067
3200
519
6520
3762
14512
8722
30
13054
13695
2021
14201
8698
3131
11647
11241
5228
11680
14603
8985
9899
1954
3609
3034
13137
672
11894
3439
10470
13634
4598
9227
10587
14011
5703
7668
8283
12787
1478
4349
9321
9168
11660
11005
10671
6742
13829
12707
10063
10455
4286
13654
4536
1780
12220
10359
3126
4517
1816
415
13967
461
11262
3372
11139
14602
417
7076
10983
1595
12409
5371
12526
2429
2261
14080
10439
14177
12816
11270
13213
3257
6269
9666
3937
4936
1782
1395
14681
2223
13472
12547
10322
8684
4073
5109
8500
3291
176
12225
10040
4318
12614
1415
10657
8262
7230
7757
4115
12490
1063
8778
7034
3245
13499
4140
10355
13368
11941
12150
9933
11980
8546
13443
541
14404
13431
7248
8664
1489
5227
12475
7570
13660
11253
13817
1157
421
5602
4904
12436
12337
3594
1694
11518
6174
10249
3666
3071
4130
12597
14514
4789
6969
2558
7878
5344
11977
3487
6812
13292
9306
12267
10978
5273
7627
1472
5890
13945
12801
7800
446
14210
9917
14445
793
14398
9853
8145
10035
2890
6252
14322
13856
5224
13741
10623
8358
13938
9834
9349
8703
8639
13039
10890
1117
12602
14155
10637
12134
6384
7808
7323
1454
3661
2470
7115
10583
6438
3570
10261
6805
14601
3749
12869
11778
10719
14312
13433
5977
12743
14568
1405
1733
11605
8504
1066
13090
14019
10695
13373
4480
4980
3765
8109
12589
1928
12440
13657
8130
5003
9920
10911
8189
13845
10138
12643
4660
12443
13436
7382
3709
6568
13698
1268
1705
12133
2754
4332
2162
2192
11393
4898
13764
11805
8794
8327
12155
10024
3165
6387
869
13046
6976
12003
511
7567
639
3321
5711
13553
2128
260
9949
4347
10305
2962
6703
7352
14751
10936
1241
9660
5586
4555
14654
13004
14142
12315
6227
2697
409
14222
4526
9013
9052
8932
7388
5880
12757
13380
2042
1334
4972
4957
1335
10066
11730
9143
8845
7702
7913
13216
391
4075
13926
5775
12468
10141
11538
9389
14085
5929
10888
8148
171
8125
7541
3188
5355
5259
944
4736
3338
5604
13715
11774
7699
9372
1809
14366
14479
3898
931
12630
12147
13272
11443
4748
12680
993
7223
5407
7503
14620
13284
7863
6194
12854
4396
9977
980
13217
13567
11333
1843
4204
4032
13669
7308
8846
10935
6854
10430
10250
5194
13711
11141
3478
14095
6307
4787
185
9384
704
6766
76
2563
3978
8369
4038
6045
12852
7149
9410
5570
13059
10238
8988
11029
6497
2467
11377
6485
3002
1367
8375
12952
10243
8655
14196
10201
12981
12628
2163
4858
8769
3839
8596
13162
8534
276
5241
12466
10516
7349
60
7854
6988
9703
8359
3190
1104
12819
1386
14275
8170
10668
3438
7480
6366
13632
11455
8271
5193
13325
12865
14700
14451
3191
12284
5429
10105
4521
5385
12676
13754
1473
10553
3008
10342
14211
8787
5646
12175
6899
10354
6065
5622
4520
1052
12261
8497
1922
2748
6401
6745
6508
14624
7294
445
1196
1574
10807
13936
3947
12168
9946
11769
12849
4932
13775
145
6991
6840
5114
5919
12581
1693
7861
14274
2501
12203
5131
8003
14374
11939
13893
9999
2308
12535
9576
9137
9867
6789
6682
3023
10571
4726
1198
6592
901
1228
10540
4411
6148
11754
4404
8090
3966
5341
11052
13875
11457
333
2090
5827
6181
11581
3037
690
2160
4180
9079
13234
8754
2422
11439
8968
13903
14189
126
7009
11620
4689
555
9010
439
1806
7836
12750
2469
2891
1956
5339
8642
12044
11777
2133
13957
8009
9218
11812
8620
12412
6289
8371
4015
13994
2332
8266
7430
4463
2056
13502
12106
10986
11960
4779
527
6589
2135
6095
1781
3296
8381
2664
11900
9488
4059
11221
10608
9190
8454
6702
12629
8812
13752
4928
11018
13847
11745
9114
5760
6650
4809
731
3263
13099
9803
11019
890
4922
12763
9986
12795
761
14329
10096
14006
5043
2902
580
13854
2311
14256
9363
3877
7610
4805
8724
8280
7687
7384
137
2253
5617
6107
7372
7026
2104
12820
9100
8307
12973
9701
5892
7528
727
11544
8076
3452
5415
7342
8373
5098
12328
13117
9779
3215
2358
972
14604
2310
13736
14331
2783
2084
14606
11437
905
3211
3578
1522
9471
14236
8970
2839
314
10327
548
3802
12859
1930
5916
9164
167
11348
13052
14709
13668
4797
12472
13463
2771
9080
13337
1685
9932
11890
12144
621
7605
7486
12099
14173
13011
12760
1621
3791
11692
11534
13674
4653
10231
9921
4132
12479
1449
13747
8493
1299
12837
10331
14273
7866
7244
3728
3720
9025
11358
1600
12532
13869
13533
7272
12576
11903
9122
8074
14509
10285
4207
11856
3983
7147
7122
157
5401
10233
13297
10015
14143
13370
6057
7509
238
2656
12518
2312
494
11124
8545
14449
9649
11441
7354
1353
2078
9209
4991
12214
32
11578
5641
13138
12731
2745
8129
11048
4220
7816
4403
12799
14077
7703
13342
1070
13255
3528
5472
9371
13681
13315
13998
243
4416
11496
14376
6067
4808
14670
2076
9531
8993
1545
13107
4019
3428
3020
10032
14617
13274
1258
10133
2401
14040
9067
3312
14431
13527
12463
6533
1383
5049
5900
5694
3517
8315
13178
3948
5911
11882
7749
10835
13849
6024
2766
11589
1163
13547
3717
3603
4732
10799
2952
11629
2848
3805
7287
4791
7499
14265
1222
9278
12399
13965
1225
1822
1118
7151
13909
11896
13624
11716
13827
14560
10709
12190
6049
11449
9189
726
13528
11169
13523
6575
2093
1132
8783
9082
12067
14496
12183
2768
12486
11732
2739
2946
8201
12713
6814
13383
304
3923
3823
11766
303
10509
12208
10103
8351
14683
3052
14442
11945
6834
13062
6423
12639
8858
11761
3587
7735
514
12474
12781
7199
9551
7975
3129
9521
12022
8514
7280
8647
6776
5552
10521
4405
910
7962
9263
5654
10081
3178
7832
11290
8428
13995
10739
14744
5447
9931
4955
13164
7285
11342
5945
6692
14055
4134
5664
2764
14262
9064
10345
6473
6524
1684
2926
6843
8882
13191
9077
3415
5496
9184
2788
11631
11619
12126
2390
13180
8972
5017
11664
6855
12909
11267
1627
3788
10474
3985
13955
873
12708
3615
11108
4422
12469
5480
1858
9680
1166
1633
5475
13289
12264
14726
6239
9092
5839
13498
2234
7537
5010
3613
9413
2569
5540
13723
14469
1586
6081
14550
14138
10009
4453
465
11040
12824
7583
654
14578
4878
8518
8297
871
11397
11429
11741
2540
2733
2512
11735
7952
2863
9973
13559
14302
6641
3683
9878
10919
2857
2344
11436
5321
437
3091
561
2688
11046
14239
6157
1818
14186
14168
1557
6025
5690
14198
13189
13446
7278
12289
447
6820
10049
3990
10525
9992
5923
652
12936
9796
7355
3489
3976
2479
9336
13185
3101
7400
17
5218
14516
3746
6947
11041
13136
2182
1159
3061
12292
10039
8070
3739
12034
6602
4733
14556
10368
7019
11901
13753
13442
5764
3180
410
14561
4811
13455
12591
3172
8559
14643
11781
12974
9016
1751
7799
11508
4631
3098
13633
8260
9445
10599
808
13492
10518
13371
10832
630
470
12505
3869
9621
12149
6513
5846
13557
2325
12761
12648
1079
13481
11734
10712
4227
7744
10234
14600
1471
10675
275
2993
5395
3515
7879
966
4757
2219
1941
7157
13544
9801
8817
13066
19
6086
8116
8001
10996
7437
9857
8747
12494
4745
10411
8807
13168
1650
13192
3228
1329
7726
3675
3807
6844
11366
12778
1424
14727
12428
8515
3977
7547
2740
13993
9719
7186
1510
8809
14627
13858
6873
4240
12204
4344
12433
13155
12377
6432
11807
13317
11505
10413
1507
11467
8908
10811
7317
1238
10844
6907
12769
8004
8005
13806
14362
10982
4785
9563
9183
2793
2389
1139
9811
4742
5847
14221
9169
5271
8956
10251
14044
14547
13904
11413
8178
14233
5495
6529
11163
1279
12542
13964
11477
14199
6620
14309
12416
1172
5368
1784
1841
5636
12357
4654
11069
9154
4730
2461
13884
6591
3931
13157
10043
4394
12689
5762
1549
1145
2909
2487
13243
10223
920
5910
8923
12199
14438
9638
14281
12178
13678
6281
11154
1568
10142
11678
2537
13439
13933
4737
10189
12270
53
2011
9594
10852
4634
10954
3009
4835
8562
14566
1488
1427
683
10421
4058
3681
13071
14212
1029
14426
12075
1636
8976
9645
8419
9889
7187
1653
5877
11925
11603
2758
10988
434
14247
13667
8101
2686
2276
12868
12002
13469
12669
14218
10492
1647
10281
1873
9289
7121
1379
7546
5791
116
12223
13184
3446
14562
13861
3278
14021
8209
9138
722
7753
8902
3773
9894
8616
10
291
10107
5648
6199
3108
14536
5546
8905
12312
7677
5914
11513
8083
13786
7299
2568
11564
4615
11128
10485
13716
6881
7654
4040
4584
9570
634
14048
13616
7758
14368
4758
9885
8527
2285
13104
12259
2598
933
6129
12790
7330
10851
11013
12661
844
9597
11911
2593
14079
7599
9390
10379
13357
12233
6678
7595
11419
3463
8137
7675
8842
10577
4407
7617
10631
11233
12383
11008
14526
1409
11940
11493
7025
8161
11247
2941
7165
5783
3401
7473
2339
662
1597
14369
3040
12891
10955
7626
11722
5592
12972
11495
4542
13896
8224
9177
997
6168
2499
12695
11137
2821
14240
11573
2255
3580
6945
3315
8597
9495
8442
4873
11034
2786
12071
2031
8529
10346
4109
4949
3419
11558
132
2478
12096
5483
12551
5167
1232
6007
3619
9618
1286
14642
7257
12701
2288
6216
9049
13852
13594
12555
4519
12036
12157
9156
14103
13608
4545
1534
1592
3345
3582
7789
14132
8441
13064
12910
3895
4182
1975
14378
1475
9238
8420
8383
600
12388
3696
8934
11332
12341
7795
7516
14690
4306
11684
9367
2053
12192
3743
9281
11582
13825
4623
14182
2966
5189
10002
4290
13734
7606
8111
3427
9662
14246
8185
755
1248
9501
10693
11909
3117
11978
11666
6610
14407
9366
10683
5575
13531
3222
5085
4937
4819
11246
2263
8471
12986
12925
2971
10839
13156
7208
7181
13680
5522
4225
13913
720
12172
220
12746
9484
10733
13476
4939
8215
13757
6523
11281
10241
1978
4502
5451
8349
9255
12649
4279
1539
5132
1277
7673
2048
4435
3469
11809
14652
11304
6142
7307
13819
11783
11263
12327
4244
2752
5094
14591
14300
10119
7738
3576
9538
1250
422
1890
2560
13414
11652
9253
12667
10663
6772
12313
3708
13088
7524
7693
7851
9677
7091
11625
8618
5064
9873
3119
4099
2933
8502
8565
4954
7468
10091
3059
13901
11011
8931
11026
14356
108
6530
12568
8277
4484
11353
6396
12549
754
14339
3196
9479
11076
10005
12503
14129
12582
3862
9342
4889
1153
12447
14684
4891
300
14532
14507
11104
9603
7632
9424
8366
13126
12154
57
12647
4612
3799
14219
14698
2682
14528
11181
3086
11484
12514
14306
11719
7125
5503
9123
9843
590
7001
14179
13519
3218
2305
5328
2017
8479
9732
5681
8728
2695
408
13214
1756
13755
9823
6166
3640
5808
14157
13724
353
13574
2165
12645
5055
763
948
1962
8452
14448
12958
9887
5939
4849
7819
10153
3964
13833
11524
11401
14489
9895
1487
12714
9348
12055
12574
3339
10796
13495
5826
11444
5802
2014
6689
781
12431
9062
11282
13536
3921
10247
4590
4464
3768
1608
2746
1779
11417
4479
3486
887
205
9127
12599
2259
7281
9020
14743
4959
11475
3943
856
9430
749
13376
8944
6097
10559
1391
11447
13410
13795
2284
6701
5457
4255
4355
7296
13003
13407
2460
10360
8340
1233
12132
3251
14346
1218
13838
9396
5584
1171
12920
2476
13599
14344
5286
8498
14037
3758
2728
1113
308
14066
10135
13999
9582
3556
2426
11389
6301
4864
8740
2452
9906
14337
8773
13966
9905
9244
11758
3253
10699
5898
1996
10755
6603
10443
3721
398
142
10111
11227
8715
7097
12652
10974
12423
13988
10780
9500
8360
10374
867
11254
813
12310
10102
3367
8163
768
10110
10644
14450
13826
13776
10488
6642
14008
8612
12569
9968
6405
2574
13404
1027
1020
7254
11817
12222
6788
14580
9407
7239
11161
5978
7848
1939
8622
9152
13792
9930
10805
9627
11007
6858
10520
4195
9252
12139
10318
12646
6354
4390
3678
5964
14078
12758
9708
5744
9642
9588
14024
8077
800
3390
6111
8678
9777
4184
12188
7475
14127
6660
8410
3704
13051
811
4578
12871
11183
2614
1911
9204
9259
2410
9436
8867
1420
2823
14109
2384
11852
1788
1088
9033
9422
12823
2474
2092
6821
9284
11452
12553
10542
7676
8212
10972
7489
8337
4401
8590
6864
4020
10378
3526
7612
3909
7139
13305
14120
8663
10399
10330
3421
4087
4094
10067
10532
13379
12012
13828
5394
7132
6235
8828
8016
8824
3989
1724
9884
4674
6117
10995
13397
13412
5829
3544
8829
5733
7859
4708
13282
9740
6304
718
13331
13907
1503
2195
6392
86
7275
11150
8580
6841
1623
9984
2660
11036
8572
13067
5539
3259
1051
13637
3995
2951
9849
9726
4606
10453
8873
6217
3770
8078
13298
7728
6365
6328
12792
4433
9246
14678
7639
5348
9880
14327
1846
14000
13708
1830
11498
13026
7333
1417
12185
921
1688
5856
4420
8041
11033
14666
12345
6831
2287
1905
13541
13477
14046
12828
3262
7360
3711
14651
10529
114
1812
7581
13600
6539
7340
925
12914
7061
5951
10433
11956
5079
5716
12059
10530
10721
6674
5120
7828
5075
9251
9915
1657
3472
9689
685
829
14533
10171
2709
11460
10020
5301
2903
4884
11249
8575
1015
6340
8197
9116
4750
9674
6849
3111
2599
3055
14639
13316
14405
2146
1591
622
14283
13602
13260
13060
1929
6519
8352
7303
1413
8814
4261
10846
5266
12408
12415
7588
3125
14294
9341
10768
11217
1839
825
12
3715
3397
231
3240
8478
6727
11404
14664
9673
2921
14615
6126
2623
9976
3361
4863
2583
2832
14673
11683
5610
4177
13480
1594
1607
8768
10677
13784
6572
4434
1763
12622
14689
12143
12812
475
500
13020
2297
12212
10962
10490
13419
6460
10182
10939
12573
2772
14320
3636
13526
6973
6860
11275
8633
2449
13022
2150
8602
1140
2096
4232
1382
12772
6204
2494
11003
8207
13739
6708
13585
4646
13158
4287
5777
13065
13457
9208
13803
11889
12249
572
14060
9313
12181
8459
11530
3624
3605
14740
1509
7667
9848
11966
1185
8225
5823
4872
8081
11022
9959
14644
13552
10357
3096
6668
10427
2885
12572
7046
2976
750
3017
11171
10004
5994
12728
8578
606
6658
12519
2628
2258
5432
6829
7040
10445
13807
14648
8159
4189
11483
4350
12353
12516
9761
2674
9827
9766
1785
5609
6837
6933
2180
8960
6992
3316
7104
12336
11892
14175
2960
10817
6696
11675
1151
14636
3853
10791
5742
10688
12776
7989
2405
4105
6318
5739
6897
9926
7440
3204
584
6491
5508
6876
1866
11949
9606
14263
779
10014
2327
6995
8904
3700
12455
3893
6009
9729
7243
4277
10486
14013
13403
6787
10601
12563
1972
10418
9735
9319
2102
8489
4986
7166
6794
5789
5669
3035
11860
3150
6101
13467
10691
11636
5053
8182
3344
10395
7917
7212
14297
3672
5052
12198
9150
9806
10226
13932
11637
9520
5572
5838
9194
6403
11425
4296
7957
1907
6630
13915
7391
8539
5110
8332
6329
12394
5637
674
10970
10341
13785
11928
10701
11565
642
1910
14338
13834
79
12215
7127
367
13258
2948
14304
9214
11588
9633
458
1584
8461
11502
14471
2988
14553
7064
12802
6310
11510
10218
3068
9672
9561
6505
13094
12043
13025
12956
1887
681
14542
4773
2171
3542
7062
12237
12507
13871
12696
8230
13256
13568
13515
9395
1326
3137
3845
2007
13718
11694
180
2594
885
4794
1838
12839
13014
6624
12993
7797
14607
10258
7089
14555
10158
10874
6073
14266
6105
8503
7890
9896
2216
11690
2496
6996
5093
13876
12585
1935
5814
14428
13228
604
6921
8033
11210
5115
12218
11432
12770
9295
11398
13812
12347
1202
5505
7652
4108
8512
13084
724
7218
2156
11985
7722
14688
12454
11325
13797
3300
9287
11532
11789
5288
7519
8726
5504
2036
9365
5976
3814
11345
707
12725
7171
974
6657
8793
12845
14027
8746
14012
12877
13798
12078
5903
3512
14330
9907
12791
13701
14156
8027
14704
9172
1041
2187
939
14490
6046
12339
1434
11025
6218
2638
5535
4668
7925
11699
6254
14420
2616
5706
7705
2032
5445
3329
4047
12880
12263
3160
8657
6670
13086
12330
8900
10942
8935
362
8056
2444
3584
11988
8154
13779
14321
5528
10705
2973
14538
11933
8331
3480
13203
14204
7190
9201
12961
643
11361
1997
2137
9747
1102
13621
9781
10462
4525
4960
3179
11223
7126
5066
4129
13121
6013
7211
8435
284
3786
7184
319
8907
13280
547
6978
14508
9451
10414
14391
8265
11751
4984
5578
2240
13038
6443
3349
4041
5895
11586
2126
3365
3714
13666
10580
11027
5590
13418
6293
14370
14534
9879
9836
10538
10513
1204
11790
13598
4398
5786
4533
12775
6582
5599
2233
10887
9901
1256
3445
13304
10984
5387
12291
14014
13888
12889
14284
9072
3283
8605
1191
7358
11893
10499
11568
3875
6608
12962
13141
7663
13620
13805
14261
945
4029
909
13068
5649
11201
13920
14657
3858
6688
13842
14501
1793
7336
3054
3625
11362
4828
1039
14171
6041
4001
8591
14466
3205
12459
8569
7493
7374
1679
3597
5501
10255
2827
6564
11471
5191
12822
12427
12579
9812
14712
6322
14403
11166
4104
4566
9910
10061
12391
4916
13095
8443
7159
4907
2268
4091
1226
5545
11167
8194
11234
4178
12742
13883
9268
12437
938
14180
8094
11349
7153
8131
13843
10639
6569
13452
12808
2702
12664
9095
1317
1934
3779
8821
12964
2013
2457
8087
12251
2366
6180
1516
10916
11828
5864
7807
3817
14595
14057
12928
9786
3942
2050
5412
14444
14573
3994
13460
10757
8549
6646
1570
9989
10867
14692
1564
12754
2724
12777
13693
6966
13946
6749
14310
12912
5845
11973
6361
12340
11617
7472
11372
9721
962
11874
13607
1314
1498
10277
8126
14229
4693
11211
4372
4448
3028
2066
262
4298
13232
11627
9864
4648
5258
12985
2520
14091
219
6885
3379
7515
1896
8803
13240
13474
3503
1362
6456
11111
14610
3667
6677
7963
6785
12385
960
161
1264
6517
12451
6389
1035
10854
14141
990
7906
5032
95
13335
11770
14597
9962
9914
954
5253
13092
3548
3444
6029
2648
8720
6939
667
2015
11360
12842
13218
523
7513
4915
12375
13855
13209
9273
12449
5797
3685
9724
3238
13032
5680
5666
11795
12835
6632
12004
9418
11707
4338
14291
12520
8477
9245
1230
11461
11632
6951
7432
2545
13943
13750
13895
11702
13237
7015
4299
5070
8191
12102
6542
7840
1392
3226
543
12151
7447
12969
5667
8645
5629
899
7576
13623
6071
14248
4083
12382
13366
9998
12538
5478
10633
1097
12499
2992
1836
3699
8955
12634
2937
3803
12690
4312
11279
11065
3751
3657
13091
10785
13468
1663
6120
290
6470
12112
13962
8994
8472
4644
12386
13077
13487
3292
9242
5465
14105
3027
1021
10121
1071
5974
9433
1219
12471
1582
6842
12497
14025
12091
5550
5559
3413
2351
11611
1644
8146
8883
8669
6612
1273
537
10640
14164
11791
2054
11346
3632
5865
881
5299
5411
11179
9571
2266
12984
553
8734
13751
4618
10910
14475
4974
9493
8851
2670
9096
2382
7768
961
8623
3495
14174
2485
14113
719
6030
2402
3378
5883
9343
1187
9583
14412
1611
1404
4326
3586
9305
12858
9737
5204
7745
9090
3946
9829
6755
9071
1669
11324
6285
7568
9181
1850
4498
4080
10789
5118
12269
1243
3410
3924
14112
12671
12216
3643
11380
10689
13790
6810
3655
4801
2072
1849
3958
7102
5801
5983
8149
4487
402
5601
10569
2040
14363
337
14443
6884
10787
742
1319
13360
13123
698
13592
3761
12023
4846
4068
12624
51
8588
13924
5825
12735
7942
3940
918
7641
14254
12482
8598
9453
12606
13537
2411
8801
4012
10856
12324
8176
7314
11728
12103
10769
4469
3735
6771
7491
2884
8556
2230
3167
6288
7700
6501
8713
11381
8348
13290
1255
2194
13769
12279
13330
5077
5563
9941
7826
12794
7960
8675
544
12798
13133
8248
2939
10127
6649
14616
5223
14162
3185
2879
4475
4628
14419
7329
1826
8695
7033
14546
5942
9240
10194
10931
13120
7267
4071
12528
12584
5913
13868
10295
2704
5792
9897
14358
12570
14042
217
655
10149
7370
12301
942
13231
9667
11500
10207
4460
3210
1889
6175
3322
12811
13382
12273
6710
14399
8840
4956
2721
9282
13
1061
11147
6733
8636
1555
9826
5466
10100
5625
3730
3935
860
13081
7981
14674
14314
8059
13629
3691
14002
8019
3358
6941
14713
4325
4686
9643
8221
3574
3391
1320
1791
2482
11704
3539
1160
5538
7897
6913
3882
12700
2518
8653
2945
10174
6721
13618
1082
10092
12636
3596
2406
12080
7847
12834
12529
1031
5272
14216
5473
11453
5631
4496
13731
5367
10202
2580
11898
3014
4002
12422
13440
9691
11131
8035
1712
14511
6450
9995
7236
9331
13454
11924
2458
12544
13989
5059
13181
1356
3702
10548
7150
11615
3626
3687
7804
6553
2566
10533
13865
3719
2581
14667
649
3005
12843
7085
8558
9771
5780
11445
5488
8184
12876
13489
13850
2281
3248
9142
487
2356
9291
9318
14658
1982
12809
4144
14487
12434
14729
1807
12672
9648
13012
9564
5332
2376
815
8759
994
2175
14486
5170
1990
13539
4373
9527
12079
6478
4642
9004
6417
914
14136
12418
472
12318
11696
2809
10126
7442
6089
1646
11338
14649
5449
7628
4760
14401
13867
1898
14613
791
2998
7709
5658
7305
5461
926
6446
4243
89
14119
7928
5715
5800
14543
11464
2576
3342
12821
7058
12205
10334
10422
13610
14614
10429
10894
13221
12688
10876
12923
14153
776
6221
9725
2051
14051
2710
4343
9795
4927
9478
9768
7777
14456
1444
3726
1620
868
8440
8028
9398
2534
1347
7991
10210
8568
3318
10242
2441
13972
2575
1389
1722
10872
3973
9507
574
6607
12697
4531
4135
13844
11958
1315
2562
12856
5190
1192
8055
10875
11165
8402
7765
6276
9540
7173
13971
8925
9684
1876
5759
7405
12534
11396
6717
5521
9787
14238
13115
8919
2870
6294
4841
3565
7467
7463
8574
1904
12239
5593
5184
12510
7008
3592
1674
13877
7380
12766
8416
6521
4782
12424
4926
9258
1913
4567
12724
3434
427
358
12861
3074
5359
1670
12026
521
8673
8158
5179
3901
11921
9858
8292
4652
10649
14104
5350
227
752
12987
12797
11197
1580
1576
11182
9174
11015
12616
6040
13879
6718
9830
7134
14279
1835
8910
1289
9990
2837
2943
13653
2920
10476
11838
7220
7640
2250
9753
1156
13010
13080
6514
10303
6206
11803
8880
10457
8023
10447
10221
4474
2849
13587
10419
3290
1665
12234
806
12138
3142
985
360
1465
14622
4543
1188
4599
13223
4741
10313
7364
10381
5756
6625
1370
10860
10772
10567
5013
8952
13517
12413
4172
12290
10728
5448
3782
12951
3202
13542
8630
13143
12184
14324
1057
13336
13400
4895
13663
9454
14394
12947
14311
4554
3627
9625
13359
4358
194
12360
6325
8117
3075
13248
9809
11088
12177
12875
223
10685
12615
5104
1769
24
6565
7161
614
13101
13562
10704
7912
364
14381
3620
6640
10546
10423
2517
6920
14209
13152
6902
12805
11230
1025
8155
9196
9888
11633
2207
5239
9017
11385
13953
10058
11017
14163
14730
1208
12240
7367
11283
8294
11145
4626
2836
1010
3673
1043
8942
4084
3568
4126
6561
6763
14628
14717
2511
10437
9101
1625
12379
2211
13543
12227
13947
12124
13673
10512
70
8142
6856
14453
1492
3038
11585
7842
7507
10187
8268
5558
709
2757
5322
14295
8251
8785
11624
12448
146
4857
2115
7341
509
13042
1477
14492
3239
8888
6259
6469
2326
12860
7228
7560
12308
202
10037
5036
9148
14220
13348
10095
14260
1703
5172
3829
9448
2293
12498
5201
851
4003
1130
4600
235
14749
12410
13374
13992
680
10279
11612
12307
677
7812
4604
10740
3097
2142
11832
13908
10537
786
4276
7335
14441
3925
1923
4803
7415
8649
10403
581
1291
13726
12248
5746
3967
10736
12481
5985
9008
5283
10595
6544
4636
8959
3114
9958
8014
2231
3682
6427
12784
12727
7592
11170
327
1931
770
5418
13167
9315
8404
1617
2549
12815
12911
5018
10366
2282
1543
10235
14723
14264
1085
10820
13925
13378
10777
13103
10708
13388
9565
6266
10813
2778
1942
1142
6580
6143
9124
9707
9044
5422
11545
11826
5958
1899
10629
3286
2299
4885
2895
3988
8431
13770
2653
5405
13921
3669
3013
10759
11321
10932
13226
11191
2391
11064
14679
5507
5340
13573
8064
10707
6372
12008
5297
12457
10387
1883
14665
1988
14618
11468
11944
5686
12024
11916
4587
7332
2440
5729
4814
3535
13018
12356
6828
6415
5345
6493
5553
13408
4389
5100
13462
12406
1331
10405
12210
10162
3588
13808
4242
6241
11676
3182
3971
6383
12882
1346
12231
11554
13710
14292
13986
5758
419
9820
13036
274
9180
4062
5702
7418
10265
7522
5399
14493
14087
8550
1668
14269
14298
7226
14034
8438
6176
6258
2254
8834
13031
11242
6751
10165
3149
14461
9491
369
6629
4270
8458
3707
6211
11767
12863
10317
13187
5216
9108
1588
8945
12562
6554
13979
3852
12567
13334
12380
13652
47
12450
11225
4269
6146
6224
13194
3553
9112
11274
13605
7210
7321
4793
2101
8863
2715
14582
1136
3304
3611
7608
1237
3212
12217
13027
2213
12238
3997
12056
2417
699
7545
9297
14736
12771
14049
14367
11000
2685
9543
7338
11093
2362
2878
9509
6299
4143
1735
1325
6052
11897
8322
10680
14031
13019
11392
13227
7658
14118
7558
7801
8938
6197
4367
9644
7937
10497
3827
13735
4307
5841
13540
5720
9743
14467
8165
9553
13132
4234
14184
5007
12654
11032
13760
12018
7162
1855
5038
4930
14477
9612
1440
2524
7715
1798
6512
3550
10792
6184
3156
782
3965
13969
11727
11318
13676
11672
659
2360
14661
2767
3104
9443
3695
13393
1081
12650
10907
9514
9327
13327
12083
13712
10161
6449
7128
13078
12900
9869
1009
11584
11541
6100
1757
3654
13935
8252
8948
11746
13671
12610
7872
13787
1182
7273
9657
533
12670
4613
4509
6070
12983
11512
3960
14485
10282
14115
12354
4478
1869
10106
10713
10803
6134
7909
7086
12219
11653
3360
14748
3705
5137
13320
13851
11771
4202
6420
11962
4148
1984
14064
6573
11021
13931
2592
5031
2844
9233
6414
11433
3078
10170
10343
1794
8123
14287
13578
12361
1680
10372
12844
13385
2586
3510
801
10589
2657
12598
13127
12539
6697
13886
7274
845
2978
7885
7951
7481
2650
12660
3518
5577
13352
8398
11115
2170
14529
3351
6149
2582
8950
1045
14123
13321
12590
2041
11122
149
657
7734
1206
11782
2634
2001
8199
12294
8291
13549
9987
13809
12314
1220
1832
3949
14554
5209
9421
2781
6034
8426
4855
1985
6948
5236
5849
5467
7425
1943
11648
14033
9083
5516
14714
6114
4775
13210
9668
512
347
14647
8052
6012
13277
11668
120
11802
239
14584
11936
2098
2110
14417
628
9955
6171
14144
12965
12893
5105
5734
8465
309
11448
14742
13940
12311
11386
4118
6483
10155
7318
14277
5634
2698
10756
10385
877
12930
1740
13822
2602
12946
8140
13985
11222
12738
4470
13811
10325
1426
645
1064
9851
14586
13021
14022
4772
4583
2508
6502
3371
6845
4992
13647
13291
14697
10858
1513
12618
3317
3547
1729
14565
11481
5056
1249
10273
6982
7822
14701
13043
9585
4880
3558
14093
9404
14250
8731
12304
11862
12521
11970
3425
848
2320
13801
9058
5373
6905
12942
7176
3402
14758
9776
8586
8397
11314
7594
10557
11576
10552
9265
3466
7411
775
8237
14682
6393
6118
3187
8779
7894
5591
14010
3523
14187
4699
12142
12605
10834
7923
4840
2644
438
976
9736
13197
12621
9103
5853
8338
11305
123
6352
7736
5754
7578
2291
5934
11258
9465
4009
1970
10157
14716
13296
1301
8484
1681
8818
14725
10183
613
6130
4101
11341
11229
7300
14231
9788
5173
2641
984
9293
9780
3105
9865
608
13576
8227
6482
7368
6637
12048
4310
9770
14499
5101
14518
4152
8690
2029
12603
5948
2822
12665
68
2117
2736
6253
10072
8830
3639
5627
7611
12825
13644
8707
11189
955
13230
6017
9412
3135
14722
12783
14539
2964
6064
9145
3690
14207
13193
12452
4067
7711
2132
14092
10290
8395
12320
9359
9402
1936
5510
12864
7344
13595
5514
13756
10994
2183
6016
505
14696
28
3155
11797
14308
13816
9943
5998
1640
13435
3826
12627
8711
1179
7916
7090
12554
6985
14245
9186
12206
12344
14116
14416
12367
8825
1422
3600
9971
857
5261
12874
8761
1551
14094
9706
5752
10262
6541
8088
6927
13344
414
4353
3085
7383
3233
12209
10078
14498
14473
10842
6488
9883
6955
12789
9815
3907
8233
7972
6926
10217
9074
6382
13872
6683
13303
2729
9846
12245
5876
10763
13820
10143
11775
3327
13311
10115
8067
10617
13386
3433
13204
12358
4593
8257
11861
13569
12170
1214
10397
2018
8792
13401
6324
9692
11884
3294
9967
2790
8929
5103
7527
4911
65
13746
1643
10259
11410
13887
14200
13437
8062
10831
9683
8521
9793
11456
11880
4843
13265
6214
13768
13074
4544
11557
3913
175
12765
13220
4450
11106
14089
13165
13720
4709
1687
9312
5381
14043
13302
10732
8915
6240
2169
12458
10723
3392
8989
8490
11096
10283
10914
14659
10145
11207
6889
9957
10438
12841
13006
3953
6799
9518
1761
1439
11485
1741
10253
13236
13106
6245
10472
9607
10391
5717
12915
9972
12445
3184
7621
2463
2730
9195
8214
632
11995
1378
10564
7763
10257
5635
9713
7883
7256
8532
13740
1410
14579
13609
12885
10556
8022
7113
1635
11374
3497
9276
12673
12306
6336
441
12255
13056
11743
7792
7552
11526
3840
1037
7814
13229
11100
3693
7685
8487
686
4871
3420
12959
10624
2777
1254
3879
10687
2275
9922
4294
14117
4988
4194
6051
10765
12193
10113
13692
2375
13821
13910
9549
13097
10193
8977
12362
4909
12924
7966
10621
2665
1149
1626
3819
9381
8755
4650
4098
12051
10083
5515
1003
8855
4538
12477
5766
12595
7769
11492
3456
4728
9765
13665
12153
12976
2735
3168
8898
10007
10441
13990
4231
10879
4514
12592
13714
14183
5354
9600
3377
11750
11726
14520
13427
10926
14317
10534
5383
1662
3109
8611
12827
7483
5037
4153
10561
4659
13566
4839
4591
8581
2107
102
4643
9938
4417
13593
10908
9171
6903
732
9483
11376
1483
13082
3961
13952
8480
1773
3336
1094
4998
200
12355
9106
4206
12892
1451
1019
9355
3386
12407
6479
6409
5317
14255
12299
7764
9073
1606
9091
7598
14128
9868
7681
11297
12740
8135
3797
420
10254
14280
8281
1096
6818
4468
10134
4050
6078
8119
13894
1774
13626
10825
7263
8392
5930
4815
7904
9014
6830
2687
5917
2571
7232
10960
9936
10882
2916
4222
5881
14424
10902
7672
10760
13365
10323
11158
10600
3607
4917
759
11994
7922
13047
10056
1303
1242
1501
12990
12578
3006
1459
14719
1747
13963
14379
14608
14634
13432
11773
4263
2006
7024
2274
14724
14535
8849
1514
6331
11742
14577
11825
8665
6440
13061
8175
12405
4110
7237
633
7891
13597
599
7250
14232
2544
3775
2247
13310
10915
5279
5543
11703
9027
4273
12730
14197
13128
1862
9749
13144
988
6500
9467
6264
14732
8987
14435
11245
3756
9229
1150
12838
3835
1571
7084
6334
7311
13749
14355
4370
11749
13222
13700
7756
13177
2379
354
1563
6723
3159
1631
7098
3785
4720
482
8744
8507
13934
5891
10891
8866
10651
10209
2722
1598
1298
8084
6270
5871
10311
11265
8926
12857
11298
11878
12753
5069
5233
6622
11110
13950
12512
8289
9307
9519
5736
2651
5403
4824
7956
13662
9632
10326
1414
1753
14325
13916
2206
10484
10406
12580
8696
13285
13575
13456
3021
923
9847
10958
1871
9232
10181
556
13053
2242
2617
12176
4539
6207
10050
13273
9115
6823
3871
1723
3787
3462
13642
7967
8641
5834
13643
13520
1706
259
10998
8363
12146
13636
11365
2131
477
582
7312
8528
8037
7145
4162
12011
13355
4825
13486
8857
13928
12395
9212
14217
11560
2907
13973
10274
13951
14373
2913
10847
14257
1138
11635
4446
10669
9742
3275
7714
7982
5205
2113
4947
8412
3769
10976
14515
730
455
9828
7154
13093
11326
5312
9222
8819
7563
12321
8026
1602
2087
9717
6705
4701
14672
5924
23
13697
10871
13135
11548
9526
5691
6532
11813
2181
12368
3287
368
2928
11706
13535
14045
8835
4851
14151
3530
1373
9911
7291
11058
6782
9595
8681
3777
3355
8370
9613
14249
14029
12830
3144
4485
12389
7786
10042
7444
13166
14440
4827
2633
11946
13794
8742
7269
4924
14502
6275
9702
2158
12884
949
10604
5687
12513
10959
3298
8095
5211
10362
3658
11431
7888
11287
8997
12883
9387
12323
6337
8757
13159
3270
11312
12748
7831
13281
4258
10271
9862
7119
6458
4985
1792
6971
6695
11408
2925
4432
9011
4426
7454
3794
12334
9754
679
190
8700
13247
6596
12826
6690
10452
14491
8949
1758
10747
14149
5995
10137
3305
9686
13570
11421
10315
2193
6169
3833
12464
6311
5251
7457
7525
5748
3734
986
10339
3132
4268
13824
12316
7379
9508
6004
13425
9497
1824
13892
5712
8971
2164
345
4951
6265
13448
10349
3889
1675
11854
14121
13424
2605
12872
14409
8579
48
3064
13582
13211
7217
6346
8870
12296
14484
5185
8885
7016
8533
4845
6461
2492
10458
13509
703
2668
7970
2065
8774
2453
5208
7924
12887
4888
12537
14360
5935
11990
3093
14015
12905
13503
5252
2437
14150
5952
11306
5310
14671
12916
1760
5004
2059
6222
14552
5378
256
10310
10297
1861
4900
7461
11935
4161
14282
12470
12938
9392
4499
3859
12278
520
2985
2645
6136
12541
7249
11354
14267
11836
7424
8321
14185
9636
1124
10808
10167
10117
12509
12335
12517
3554
7931
14715
11190
12349
2218
13195
738
8628
5470
11334
14400
13706
4903
11919
14075
12977
12651
8648
12491
1499
11540
7010
7794
1629
12166
13250
2965
8378
11816
13906
6931
12980
5391
11844
9696
13588
841
12899
12213
14635
5181
2352
2296
8594
598
3079
8164
499
902
6676
5011
13160
773
6233
11476
7443
11373
3738
13603
13977
8044
10990
13116
10131
3175
4997
10230
3265
14530
4523
14694
14408
4314
6448
9537
2201
502
3892
10003
10966
14271
2830
10402
3798
10205
1528
705
10545
1716
13996
14411
1710
4337
14361
5214
6431
9157
8864
9953
11061
14213
3475
9651
7059
9055
10163
12525
2776
2816
11687
12752
10946
7402
8342
14323
14214
13364
7196
5812
8432
1004
1046
12723
6528
14065
12633
11814
2003
12074
13208
12281
497
13293
6335
10068
850
2333
7487
3560
1231
5491
10114
8732
13478
8112
9900
3458
14754
2784
10018
11138
11876
9579
7246
8928
7194
3003
178
3092
12461
11299
7837
5723
13863
4445
12309
12846
5992
14005
2896
11989
4629
464
1968
1537
493
8982
5741
1888
11731
6369
3460
4673
2248
5398
11187
6342
4816
4854
12564
2705
2922
13470
12258
12107
2302
4051
10922
10743
11352
3493
9303
14675
14251
999
14372
12058
715
3534
530
4853
650
14241
476
12194
12508
9630
2212
12655
13738
5030
8051
2652
5991
12571
11651
10199
14393
710
6076
4556
13149
5086
3664
8061
9466
7638
6408
7178
6160
13815
318
538
12545
13271
13109
11153
11998
7565
6795
5235
4160
14343
10821
14108
1014
8860
6984
12586
3689
2833
2105
4989
3527
5393
8483
1457
13914
13105
648
12814
9323
2145
13389
469
14386
313
7138
12719
489
7919
11269
2539
14159
428
2260
10741
4259
8781
11459
4703
3001
5541
893
10245
13501
1520
1005
285
5598
7427
7324
11072
7843
5859
13035
4322
9760
9818
13392
6376
6671
7140
11550
862
12803
8173
9375
3572
12084
13253
6552
4512
26
1569
1121
6128
12736
4056
372
2378
12853
913
12114
9461
165
11206
264
7651
11932
13611
11645
8920
5346
7504
7824
4866
7409
12626
2119
10350
10073
9798
12817
8311
13396
7327
3927
11463
1295
9373
6005
8748
14598
4096
13975
14071
8456
8430
8401
11126
5692
4665
932
991
515
6072
9951
14596
2883
5329
5163
13450
9712
11943
10052
3256
10859
11038
14695
11872
1342
5186
4092
13145
13789
1278
12800
8446
7072
14531
14446
12351
83
10301
4950
8274
12476
13324
13687
11357
11400
6949
3663
9981
13044
14348
7192
4581
10783
4256
14455
5770
14313
12031
7587
5414
4784
3416
14753
6388
3906
3022
2290
9000
405
3559
10641
6077
12325
3143
6263
13196
5198
2416
3954
13983
9937
5460
8113
5817
14140
13958
12561
4085
2901
2862
3276
4247
3176
4191
5533
14353
2026
5290
8523
6883
6550
10179
11715
1408
7202
4605
14017
13150
10676
5639
13748
12432
11095
7438
13276
3232
14421
9797
10647
8716
6593
12371
9892
1480
4210
150
6773
7535
7414
8650
13548
1739
9130
7993
1358
7770
5980
14133
5549
14739
3197
14653
3810
7907
11857
12456
13927
9700
3504
3841
10771
1652
12164
6972
6578
6744
4769
4251
930
5436
10563
7284
2500
10377
12686
7898
8592
7044
13340
2782
5217
10446
11658
14468
4275
10620
4334
14463
12612
1752
5721
12182
9841
11143
14016
9716
12677
3602
11885
1949
5068
4437
11186
14125
5035
10788
9525
5002
11976
8414
737
1106
12722
11409
1165
5257
4714
11118
12419
4159
13102
508
403
1977
14668
2264
5364
14483
6919
4739
10098
1562
10793
10625
14637
1349
10692
12888
12404
13405
11175
7067
3422
1309
3571
6021
13534
4705
14268
5581
9802
7322
14130
9755
10904
7540
1736
13732
14375
5555
4124
5389
594
13525
7288
4368
4963
7708
12197
1721
8021
12492
14389
13702
14599
12779
7751
225
12968
5400
10795
9513
11369
10819
5421
1664
602
4224
4249
13694
4201
4671
13268
7559
10097
8355
6953
5944
13264
957
11738
11219
11601
13900
10748
4515
6673
8660
13529
7992
975
10906
8256
2699
6566
7825
10294
2880
559
13225
5152
11451
13976
12095
7629
3905
5730
4103
9415
12086
4120
2489
8220
9283
13612
11608
5280
13451
10724
9151
10992
10289
7080
4982
9178
6344
12546
4327
3033
14415
8505
12625
11866
12165
5595
4429
3633
880
9351
40
13691
2676
1979
193
11119
1742
12257
6203
5894
12094
12039
12331
13017
797
2530
13586
1388
4383
6965
2760
11209
9601
9496
812
5426
34
11277
12148
13705
6400
7407
4328
13991
2860
7222
11316
13532
12704
6467
8689
4303
2199
1129
10466
13650
6364
5645
9270
6104
8295
1236
5019
3065
2959
6713
21
10612
10229
11070
10522
5751
12430
10468
5921
14570
3577
3870
3173
10070
1717
13479
11073
9602
8387
12462
3813
2408
280
11908
10635
14387
6585
5851
1327
6798
5046
6036
10924
8516
5630
11964
14465
14459
4228
9131
4316
13242
11700
8072
4212
3593
13494
3099
10830
7120
12922
6684
13430
565
8847
9006
6313
8324
449
6901
7492
12246
12282
1069
5430
4428
11174
9679
7048
8624
1110
9039
7460
457
2438
11929
11907
13113
10338
996
6429
5477
4619
13398
14488
9608
1973
982
14003
4548
12411
12161
12692
8634
14402
1312
12343
8183
9728
3767
2529
9974
5562
10506
4940
1884
3745
13251
14510
5232
5138
1691
6316
1351
5357
12945
9767
9249
4291
10836
12398
2675
5605
2008
7902
3915
2854
6452
12504
5406
3514
13110
8941
906
7143
13182
9762
10549
14335
10923
765
13606
13942
12187
14058
5671
3366
12295
4672
713
2445
11479
10934
14303
6271
830
3938
14703
12759
13484
11243
8762
12070
1519
11747
2082
4886
9031
14432
4680
12879
11561
6547
7474
6817
956
3272
1948
1432
10729
13266
10779
10607
6193
6287
12511
9477
7397
1115
12224
8413
3274
5858
2239
8160
3384
7188
11640
9918
12918
2532
12611
6416
2300
1285
820
10656
5082
8567
14235
1524
210
2662
9541
619
9822
5453
13057
10185
12957
1770
6800
13369
4508
13899
10375
6779
1011
12028
8626
5285
4934
1180
532
2708
6353
13343
3128
13118
3120
13561
1262
11556
13613
3194
9934
1894
5957
13878
6639
13048
8780
13696
7876
3250
13283
11521
6891
6737
5863
12926
10967
14354
4438
1216
6153
481
9925
14503
9756
11273
5745
10101
9882
6466
12937
14203
14067
13314
2794
11587
12712
14215
12831
10616
12396
14190
1746
9459
14540
13286
3414
4831
1076
2279
10219
13596
7622
1550
1546
3306
12015
3484
12020
10711
4848
9688
4171
4883
7889
8319
616
2734
8736
8208
11487
6909
14522
5597
9069
12949
11957
3820
7810
2719
13076
1827
7882
13475
14146
2447
4719
14733
2588
5192
8561
8450
13148
55
2831
8964
1175
8058
12663
4795
7073
14500
12862
13438
13823
11427
14625
12979
5659
1950
443
3258
5616
13836
357
7266
7066
3955
11974
8608
3069
5655
13890
13684
12123
3193
11384
392
13464
10415
13381
11074
6390
13507
12392
1135
14073
155
14525
12732
4077
4640
13422
5178
12552
7820
14135
9406
13198
6295
373
363
9912
11054
11042
3637
14454
9134
14757
4467
8367
4253
4166
1147
6911
8418
9558
7396
7096
1823
13641
7782
5316
11572
1333
13332
1532
1186
13278
11278
12272
9379
8936
12040
13763
8013
14524
11824
12480
10426
692
10773
12232
6967
2385
14406
6317
2717
14332
4262
12903
11869
8313
13500
10434
10927
5907
7887
13730
5769
5000
13882
2751
3363
12638
7174
10717
13301
7421
4070
11992
4914
2515
2340
1656
2753
11416
12010
1768
3340
13799
4894
13377
8316
5485
6679
14026
8688
1945
3713
6581
14436
13206
1799
13029
10870
13085
6279
2108
6487
340
12744
5778
10033
12543
13202
5561
12515
1525
7657
4611
14427
8991
11686
10655
13096
4013
4966
5012
3161
2646
4197
11091
2868
12623
8407
14691
4800
12631
4127
10118
4594
9559
8213
2316
11818
14032
3373
14750
10454
4066
9158
14541
5203
4491
6402
11806
10038
10214
10048
11239
11080
3357
14096
11420
663
13670
6536
12098
13721
14630
13685
637
10030
11873
5319
3919
2850
12523
2002
2640
10823
1193
10816
12904
9345
12350
14718
11628
8899
6546
12369
9216
10627
5999
12679
7495
13124
13514
6437
13891
8892
12675
14342
14333
2994
3614
7101
12674
6597
8874
9065
13954
11841
5062
1960
7900
13362
9455
6019
4014
3426
2047
11302
9489
6422
2462
6185
9923
342
5811
10944
716
4664
13140
1078
14334
9247
9842
12641
10293
13981
4921
7719
12566
8249
6621
11724
10880
9502
8767
6870
7747
14188
7976
13176
13758
4765
13766
8962
6404
3162
13079
12988
10044
10013
10177
14576
4635
6186
9969
3395
9309
10947
5164
7985
13345
12786
8089
5724
9215
10086
12127
4965
10159
13505
10572
10389
10951
13709
824
4971
937
10475
2493
2095
7108
5148
3216
13420
2957
4585
6866
12202
478
4746
13299
5435
13129
12159
10154
7549
14478
10347
10190
11062
12384
5835
10302
2600
3912
11235
3511
8584
13864
12836
10215
6426
8764
2342
12244
2235
7873
12302
10409
2897
8887
1493
3750
3861
5416
9056
13659
3653
12100
787
10495
9775
9378
13538
10863
1820
9697
2374
266
13387
1283
2144
13589
11623
9220
10477
9431
6198
11465
9682
5305
2210
4752
11185
14166
4617
4313
7945
10501
6783
6312
14052
10139
13497
13233
5351
11516
12160
14494
12156
12617
8046
10815
5818
1466
1421
3045
6851
611
9927
2188
3170
7501
8573
11591
7385
282
2804
45
9744
9271
9329
11037
620
6000
14023
1200
9750
4597
14098
14462
2612
9512
5091
13458
4490
9952
9086
7070
10991
4237
1892
762
10575
5805
9357
2413
6983
4377
8961
12721
8275
5175
12352
4528
6754
9269
14588
325
2450
14007
9813
14741
7633
1084
14611
4994
3780
10410
4150
11435
4836
7780
8093
11123
11927
4710
12052
6397
9347
5197
9094
3025
8913
12174
13040
2280
968
247
6463
3822
6644
3757
13441
5583
1921
7752
6205
8179
4837
12326
11965
3468
6039
9192
11846
12137
11120
13778
5229
2509
9715
796
10628
14111
6942
279
315
11801
9817
6709
3408
1963
1649
1091
9772
10034
2552
9997
9856
8973
2112
6653
785
9084
10394
4423
1638
4346
12319
3601
9408
8105
14047
6135
1402
5520
1917
13445
8394
10648
10866
11621
5707
11853
14252
13579
9532
892
7462
5302
4691
2806
169
14205
14641
2713
6780
1497
7030
12425
4822
780
10510
2587
424
10584
12338
4192
757
8269
4061
549
10700
3744
7279
7849
5774
2507
5150
12995
13583
9814
6915
3389
12653
12376
586
1603
846
13759
471
10840
7292
3851
2968
13577
12921
7730
9435
2513
10270
13554
11127
14243
3506
13555
11996
10749
14549
7721
9619
3793
5843
8553
5044
5269
13288
7680
2535
11322
9136
8751
3781
11329
5986
7465
12372
6724
5803
11822
11193
13434
7092
131
8334
2680
2139
6154
12560
13341
10306
5375
11765
13645
7054
3804
11845
4357
5726
2610
10745
13982
11056
12749
4692
12751
9393
11177
1727
10351
3123
1397
13889
10731
330
7403
14423
5518
7727
1515
12200
5534
8002
592
6878
12793
14447
14567
10195
10588
12878
2009
4033
2423
14192
3323
8393
13558
12162
12691
269
6914
6053
9038
13173
14735
12540
2805
9877
12287
8053
14721
12297
3970
8881
2950
12694
5424
4361
7575
7231
8719
5932
4366
2596
11604
840
1307
14237
12363
13550
1040
9515
2456
11613
13655
6753
36
1161
12087
14745
7998
8336
12332
13922
13461
13354
6228
5479
1981
14505
4165
14699
11537
2157
8231
7448
255
450
13070
1321
13406
9294
3618
5029
8400
7068
1460
9523
4695
10979
12955
10898
9535
14069
12090
12000
5753
8015
12483
8040
14081
2075
4575
5615
12488
2412
2843
13518
1002
10353
2990
7572
7014
951
2999
11310
11937
10398
13270
778
2759
11514
13949
14030
4440
2935
8564
13394
9277
531
13235
2775
10797
7006
5323
6636
2306
12644
8966
3220
11422
6455
9837
13087
10943
2624
13622
11081
12496
3630
13307
1538
744
5294
5139
11266
9555
7927
9162
13361
14377
3383
12235
12668
2632
13860
7155
5089
14293
7935
13560
8676
5940
3648
1067
12111
12121
8462
12487
627
8718
792
978
8610
12890
6604
1284
1399
10735
13346
14418
1802
11146
1086
1469
1767
11085
8245
12068
14422
3725
10263
4821
7252
11842
13862
10071
2244
13683
14569
1323
1103
11599
3407
12726
4678
1842
9097
11195
11255
14106
5697
5922
2606
14707
14537
6618
6736
9866
5304
5306
12833
7477
10460
8188
576
10843
5482
4969
13146
6548
13853
5587
12733
6027
593
14152
9416
2818
826
321
13923
8495
5063
1728
10309
6722
13169
13745
756
13937
10129
2398
8831
8661
7378
13073
14397
10948
9264
2473
12788
566
5016
2227
10023
9695
4138
8254
9631
4906
7182
4696
12130
13005
2433
3508
9994
14439
11580
12896
5263
7557
9128
10672
14593
10480
12421
8843
14328
9325
14114
14195
13034
12429
13444
5180
7857
5959
12699
13960
4221
1376
1265
12870
6112
835
14551
12060
5643
2025
5568
1893
5941
6082
2908
1433
12064
1026
10333
12076
4702
10703
12348
7645
8585
14476
12640
1678
13804
2380
7498
8345
10725
384
3457
14470
1845
6923
12108
6511
6212
14083
14258
5107
11755
2525
8449
407
3536
7103
9426
7551
6251
12739
1566
12493
2936
2553
1108
10478
1098
8617
8034
7042
242
7593
767
1024
9361
9075
7644
11102
14154
14474
3141
13722
12729
10449
11084
11415
1213
10463
13565
3346
11134
10077
5947
9624
12953
6887
8071
9205
12943
13224
13905
741
13898
4384
3816
1441
6655
11301
610
7950
3073
1394
12298
7616
9654
12908
6590
2334
11848
11092
11231
10227
4063
9748
2867
2547
14527
4776
5982
12016
13069
13134
1993
5154
1371
6767
14564
896
1776
12620
3873
5113
14633
11251
3951
11739
2956
7918
12593
6535
8790
8219
5685
10008
5039
10596
2521
13318
11656
2088
5408
1336
6434
13571
12768
4945
14619
12950
3122
14307
7114
7604
5047
13661
5021
4589
10592
12054
1495
11674
13625
8526
4503
4493
6282
1527
10146
14585
13581
13959
11504
12715
12967
5782
14592
6283
4749
62
798
14097
13294
14206
12767
5428
557
13179
9903
9626
10781
14286
4113
7881
14359
12364
6664
4722
13930
817
11821
13147
9808
8854
13411
6155
10715
5025
10912
5230
11917
11294
8687
9944
5837
13672
12559
12978
7646
10065
400
4781
7485
10679
14134
14517
2224
8876
12881
13428
13055
9383
6959
2468
13493
13215
14702
13269
7346
13919
13802
12741
11600
6236
9593
969
1435
12370
8541
14082
589
10464
14413
5166
13780
13275
7830
10203
8510
6808
7869
5125
488
463
14482
12247
13402
5809
13002
4505
12274
4875
7978
297
4610
6750
270
9482
5144
6526
11549
9785
10450
13485
183
11981
11337
10878
9964
2690
13788
4632
8467
9833
7783
10775
5442
1881
5130
13837
5651
13319
5088
8406
12604
7235
11616
6395
9026
5735
3450
5128
5607
13013
13496
14676
11757
14259
5433
12201
6615
11552
4551
9146
12709
9552
1589
4859
5361
1750
9353
10012
2123
13630
5688
10801
2037
9939
14276
382
10502
9311
7214
12280
12401
14100
14384
14228
9890
12550
9005
2083
13524
10886
2484
14176
13323
4155
1450
7813
4174
12796
10753
5149
10173
5728
11356
1533
2714
12720
10017
10505
2620
7997
323
10178
14623
12275
3737
2428
6377
2541
7268
7688
1641
10467
7586
9609
2802
875
13506
13466
10169
9360
8333
10619
7634
1709
14756
2394
12467
12288
10896
14315
8306
4441
9427
14296
13512
3857
12441
10776
6223
4339
3917
3443
5936
8922
10645
2068
14392
1558
10526
5462
14208
6347
5872
10862
12446
2910
8806
2626
3449
3984
6152
9458
7261
3016
5248
14385
5682
451
386
7049
7901
4079
4879
6495
14506
14351
11509
6869
11099
11469
13628
3227
1852
4961
13984
13050
11961
7855
1814
11149
1244
8031
12747
10514
12266
13205
4537
5116
12283
5333
453
6628
6936
387
13516
1456
8263
7037
9324
6954
8272
11710
11370
7600
3334
13447
11402
1247
8346
13546
13112
8911
5246
3288
14349
12608
12913
9030
13349
6576
2551
2842
9694
3741
8496
6804
8701
10848
1261
8082
7200
8939
11593
10085
5784
11308
5511
7260
14650
14609
14352
12745
1800
13413
13262
4006
4684
11785
12417
4716
4532
4374
3642
13488
12656
2168
6663
10082
7198
1661
11762
2045
10673
7741
1017
14172
7436
4213
10496
4510
12329
9054
14706
7021
11103
10659
13563
11364
11649
7555
12705
4456
5212
5420
14224
13773
13183
